image_width: 1280
image_height: 920
camera_name: narrow_stereo
camera_matrix:
  rows: 3
  cols: 3
  data: [649.29144,   0.     , 639.11798,
           0.     , 643.76286, 445.24335,
           0.     ,   0.     ,   1.     ]
distortion_model: plumb_bob
distortion_coefficients:
  rows: 1
  cols: 5
  data: [0.002116, -0.002412, 0.000180, -0.000280, 0.000000]
rectification_matrix:
  rows: 3
  cols: 3
  data: [1., 0., 0.,
         0., 1., 0.,
         0., 0., 1.]
projection_matrix:
  rows: 3
  cols: 4
  data: [648.6424 ,   0.     , 638.08146,   0.     ,
           0.     , 643.43665, 444.93349,   0.     ,
           0.     ,   0.     ,   1.     ,   0.     ]
